1.000000 23.333333 93.333333 160.000000 160.000000 0.657262
2.000000 35.000000 35.000000 240.000000 240.000000 2.115977
3.000000 0.000000 56.000000 192.000000 192.000000 0.694156
6.000000 105.000000 122.500000 120.000000 120.000000 1.286790
10.000000 28.000000 140.000000 64.000000 64.000000 0.065811
11.000000 105.000000 35.000000 240.000000 240.000000 0.582195
12.000000 98.000000 49.000000 48.000000 48.000000 0.575899
12.000000 35.000000 227.500000 120.000000 120.000000 0.479489
12.000000 98.000000 175.000000 48.000000 48.000000 0.030577
12.000000 33.600000 117.600000 38.400000 38.400000 0.016367
13.000000 87.500000 122.500000 120.000000 120.000000 1.623358
14.000000 40.000000 120.000000 137.142857 137.142857 1.621230
15.000000 0.000000 35.000000 240.000000 240.000000 1.344801
16.000000 40.000000 120.000000 137.142857 137.142857 1.761506
18.000000 70.000000 35.000000 240.000000 240.000000 1.138131
19.000000 35.000000 70.000000 240.000000 240.000000 0.747916
20.000000 28.000000 56.000000 192.000000 192.000000 0.534145
21.000000 46.666667 70.000000 160.000000 160.000000 2.211004
22.000000 28.000000 140.000000 192.000000 192.000000 1.015265
23.000000 20.000000 60.000000 137.142857 137.142857 2.281606
23.000000 210.000000 46.666667 160.000000 160.000000 1.500277
23.000000 200.000000 240.000000 137.142857 137.142857 1.472149
23.000000 0.000000 233.333333 160.000000 160.000000 1.184751
24.000000 28.000000 84.000000 192.000000 192.000000 1.948778
27.000000 28.000000 126.000000 96.000000 96.000000 0.282163
27.000000 17.500000 280.000000 120.000000 120.000000 0.209703
28.000000 28.000000 42.000000 96.000000 96.000000 1.487149
28.000000 70.000000 196.000000 96.000000 96.000000 1.341486
28.000000 56.000000 322.000000 96.000000 96.000000 0.916688
28.000000 117.600000 95.200000 38.400000 38.400000 0.181352
29.000000 0.000000 80.000000 137.142857 137.142857 0.858137
30.000000 40.000000 120.000000 137.142857 137.142857 1.603940
31.000000 35.000000 0.000000 240.000000 240.000000 0.168677
32.000000 84.000000 28.000000 192.000000 192.000000 0.682073
33.000000 84.000000 84.000000 192.000000 192.000000 0.236385
34.000000 122.500000 140.000000 120.000000 120.000000 1.386518
35.000000 122.500000 52.500000 120.000000 120.000000 0.898123
35.000000 35.000000 157.500000 120.000000 120.000000 0.580018
37.000000 20.000000 120.000000 137.142857 137.142857 1.374253
39.000000 0.000000 0.000000 320.000000 320.000000 2.303827
40.000000 70.000000 70.000000 160.000000 160.000000 1.492116
41.000000 0.000000 70.000000 120.000000 120.000000 1.288436
42.000000 0.000000 70.000000 240.000000 240.000000 0.523082
43.000000 80.000000 100.000000 137.142857 137.142857 1.176086
43.000000 0.000000 93.333333 320.000000 320.000000 0.185887
44.000000 35.000000 35.000000 240.000000 240.000000 1.151184
45.000000 20.000000 240.000000 137.142857 137.142857 0.802183
46.000000 52.500000 175.000000 120.000000 120.000000 1.939551
47.000000 46.666667 0.000000 320.000000 320.000000 1.902833
48.000000 35.000000 87.500000 120.000000 120.000000 1.518085
49.000000 35.000000 175.000000 120.000000 120.000000 2.393510
50.000000 35.000000 52.500000 120.000000 120.000000 1.957740
51.000000 23.333333 186.666667 160.000000 160.000000 1.463411
51.000000 70.000000 52.500000 120.000000 120.000000 0.853984
52.000000 0.000000 100.000000 137.142857 137.142857 1.017619
53.000000 35.000000 35.000000 240.000000 240.000000 0.973653
54.000000 70.000000 140.000000 96.000000 96.000000 1.704306
55.000000 40.000000 120.000000 137.142857 137.142857 0.527217
56.000000 23.333333 163.333333 160.000000 160.000000 1.032954
57.000000 20.000000 80.000000 137.142857 137.142857 0.912706
58.000000 17.500000 0.000000 120.000000 120.000000 1.340326
58.000000 17.500000 122.500000 120.000000 120.000000 0.967211
58.000000 17.500000 227.500000 120.000000 120.000000 0.810859
58.000000 17.500000 315.000000 120.000000 120.000000 0.396666
59.000000 17.500000 157.500000 120.000000 120.000000 1.441944
59.000000 35.000000 17.500000 120.000000 120.000000 0.269311
60.000000 60.000000 140.000000 137.142857 137.142857 1.218013
60.000000 70.000000 154.000000 96.000000 96.000000 1.088641
62.000000 28.000000 56.000000 192.000000 192.000000 1.407075
63.000000 256.666667 186.666667 160.000000 160.000000 1.412890
63.000000 23.333333 23.333333 160.000000 160.000000 1.204284
63.000000 23.333333 186.666667 160.000000 160.000000 1.109645
63.000000 256.666667 0.000000 160.000000 160.000000 0.181898
64.000000 105.000000 140.000000 120.000000 120.000000 1.895195
65.000000 35.000000 0.000000 240.000000 240.000000 0.302698
66.000000 28.000000 56.000000 192.000000 192.000000 1.133237
67.000000 35.000000 0.000000 240.000000 240.000000 1.938781
67.000000 56.000000 224.000000 192.000000 192.000000 1.436662
69.000000 42.000000 294.000000 96.000000 96.000000 1.526277
69.000000 0.000000 35.000000 120.000000 120.000000 1.001159
70.000000 42.000000 210.000000 96.000000 96.000000 3.034563
71.000000 23.333333 70.000000 160.000000 160.000000 1.377664
72.000000 56.000000 112.000000 192.000000 192.000000 0.321840
73.000000 23.333333 93.333333 160.000000 160.000000 0.617263
75.000000 0.000000 168.000000 192.000000 192.000000 1.301841
76.000000 0.000000 56.000000 192.000000 192.000000 2.545778
77.000000 14.000000 42.000000 96.000000 96.000000 2.103237
77.000000 93.333333 158.666667 64.000000 64.000000 1.179612
77.000000 42.000000 238.000000 96.000000 96.000000 0.885086
77.000000 56.000000 261.333333 64.000000 64.000000 0.549290
77.000000 70.000000 140.000000 120.000000 120.000000 0.125575
78.000000 23.333333 93.333333 160.000000 160.000000 0.831555
80.000000 84.000000 196.000000 192.000000 192.000000 1.474327
81.000000 46.666667 0.000000 320.000000 320.000000 0.501870
84.000000 14.000000 84.000000 96.000000 96.000000 1.513995
84.000000 56.000000 238.000000 96.000000 96.000000 0.751933
85.000000 70.000000 0.000000 240.000000 240.000000 0.752019
86.000000 28.000000 56.000000 192.000000 192.000000 2.083756
87.000000 0.000000 40.000000 137.142857 137.142857 0.113048
88.000000 0.000000 175.000000 240.000000 240.000000 2.505502
89.000000 105.000000 35.000000 240.000000 240.000000 0.387853
90.000000 70.000000 35.000000 240.000000 240.000000 1.773621
91.000000 0.000000 56.000000 192.000000 192.000000 0.514013
92.000000 87.500000 122.500000 120.000000 120.000000 0.544092
93.000000 40.000000 100.000000 137.142857 137.142857 2.125773
95.000000 23.333333 70.000000 160.000000 160.000000 2.579918
96.000000 0.000000 46.666667 320.000000 320.000000 1.963047
97.000000 0.000000 70.000000 240.000000 240.000000 0.929623
98.000000 42.000000 112.000000 96.000000 96.000000 1.771310
98.000000 44.800000 184.800000 38.400000 38.400000 0.214389
99.000000 35.000000 52.500000 120.000000 120.000000 0.210398
100.000000 20.000000 0.000000 137.142857 137.142857 2.646061
100.000000 200.000000 220.000000 137.142857 137.142857 1.949575
100.000000 20.000000 300.000000 137.142857 137.142857 1.809630
100.000000 0.000000 140.000000 160.000000 160.000000 1.754082
100.000000 220.000000 0.000000 137.142857 137.142857 0.319363
102.000000 14.000000 140.000000 96.000000 96.000000 0.895756
103.000000 20.000000 140.000000 137.142857 137.142857 0.531351
103.000000 11.200000 168.000000 38.400000 38.400000 0.068230
105.000000 0.000000 0.000000 320.000000 320.000000 0.670517
106.000000 23.333333 46.666667 160.000000 160.000000 0.778076
108.000000 20.000000 60.000000 137.142857 137.142857 0.550496
108.000000 56.000000 84.000000 96.000000 96.000000 0.160148
109.000000 0.000000 56.000000 192.000000 192.000000 0.759612
110.000000 28.000000 28.000000 192.000000 192.000000 1.741835
111.000000 35.000000 0.000000 240.000000 240.000000 0.851710
112.000000 0.000000 0.000000 240.000000 240.000000 2.196708
113.000000 35.000000 105.000000 120.000000 120.000000 0.821146
114.000000 42.000000 196.000000 96.000000 96.000000 0.960686
114.000000 20.000000 180.000000 137.142857 137.142857 0.729598
114.000000 70.000000 70.000000 120.000000 120.000000 0.427259
116.000000 17.500000 0.000000 120.000000 120.000000 1.898052
116.000000 70.000000 192.500000 120.000000 120.000000 1.609741
117.000000 70.000000 0.000000 240.000000 240.000000 0.670419
118.000000 20.000000 80.000000 137.142857 137.142857 0.940752
119.000000 28.000000 112.000000 96.000000 96.000000 0.687649
120.000000 40.000000 160.000000 137.142857 137.142857 2.907714
121.000000 20.000000 120.000000 137.142857 137.142857 1.994180
122.000000 28.000000 98.000000 96.000000 96.000000 1.612981
123.000000 93.333333 163.333333 160.000000 160.000000 0.951869
124.000000 23.333333 93.333333 160.000000 160.000000 0.785744
125.000000 14.000000 84.000000 96.000000 96.000000 0.966621
126.000000 70.000000 35.000000 240.000000 240.000000 1.026359
127.000000 84.000000 336.000000 96.000000 96.000000 2.086006
127.000000 52.500000 175.000000 120.000000 120.000000 1.619574
127.000000 20.000000 0.000000 137.142857 137.142857 1.130764
127.000000 42.000000 28.000000 96.000000 96.000000 0.346688
128.000000 17.500000 17.500000 120.000000 120.000000 0.603248
129.000000 0.000000 23.333333 160.000000 160.000000 1.663497
129.000000 20.000000 280.000000 137.142857 137.142857 1.500333
130.000000 28.000000 224.000000 192.000000 192.000000 1.573841
132.000000 0.000000 160.000000 137.142857 137.142857 0.988338
132.000000 17.500000 70.000000 120.000000 120.000000 0.930826
133.000000 35.000000 105.000000 120.000000 120.000000 1.175587
133.000000 70.000000 227.500000 120.000000 120.000000 0.929528
134.000000 35.000000 35.000000 240.000000 240.000000 1.301577
140.000000 0.000000 100.000000 137.142857 137.142857 1.705784
140.000000 17.500000 245.000000 120.000000 120.000000 1.504354
141.000000 28.000000 140.000000 192.000000 192.000000 1.246267
142.000000 0.000000 35.000000 240.000000 240.000000 1.072666
144.000000 0.000000 70.000000 160.000000 160.000000 2.521633
144.000000 317.333333 112.000000 64.000000 64.000000 1.459681
144.000000 308.000000 98.000000 96.000000 96.000000 0.371518
146.000000 23.333333 163.333333 160.000000 160.000000 1.970762
147.000000 28.000000 84.000000 192.000000 192.000000 0.466564
148.000000 70.000000 140.000000 160.000000 160.000000 2.378160
149.000000 20.000000 260.000000 137.142857 137.142857 2.115102
150.000000 28.000000 98.000000 96.000000 96.000000 2.335073
151.000000 46.666667 0.000000 320.000000 320.000000 2.571613
152.000000 20.000000 80.000000 137.142857 137.142857 1.526564
153.000000 84.000000 140.000000 192.000000 192.000000 1.295272
155.000000 0.000000 70.000000 160.000000 160.000000 0.847422
156.000000 17.500000 262.500000 120.000000 120.000000 3.112442
156.000000 52.500000 70.000000 120.000000 120.000000 1.912851
157.000000 105.000000 0.000000 240.000000 240.000000 0.726140
158.000000 0.000000 0.000000 320.000000 320.000000 0.813657
159.000000 35.000000 35.000000 240.000000 240.000000 2.082375
161.000000 0.000000 140.000000 192.000000 192.000000 1.157119
162.000000 0.000000 105.000000 240.000000 240.000000 2.344254
163.000000 23.333333 186.666667 160.000000 160.000000 1.024345
164.000000 0.000000 140.000000 137.142857 137.142857 1.700841
165.000000 140.000000 70.000000 160.000000 160.000000 0.046847
166.000000 20.000000 120.000000 137.142857 137.142857 1.217262
166.000000 78.400000 112.000000 38.400000 38.400000 0.062798
167.000000 46.666667 0.000000 160.000000 160.000000 0.683738
168.000000 0.000000 163.333333 160.000000 160.000000 1.857115
172.000000 70.000000 35.000000 240.000000 240.000000 0.994404
172.000000 210.000000 252.000000 48.000000 48.000000 0.077787
176.000000 84.000000 56.000000 192.000000 192.000000 1.372417
177.000000 28.000000 308.000000 96.000000 96.000000 1.762456
177.000000 52.500000 35.000000 120.000000 120.000000 1.398620
177.000000 17.500000 157.500000 120.000000 120.000000 0.447275
178.000000 28.000000 112.000000 192.000000 192.000000 1.631740
179.000000 70.000000 70.000000 240.000000 240.000000 0.716189
181.000000 14.000000 196.000000 96.000000 96.000000 1.567588
183.000000 17.500000 52.500000 120.000000 120.000000 1.151877
184.000000 102.666667 18.666667 64.000000 64.000000 0.053227
185.000000 0.000000 0.000000 240.000000 240.000000 2.250508
186.000000 17.500000 192.500000 120.000000 120.000000 0.412860
187.000000 140.000000 40.000000 137.142857 137.142857 1.448430
188.000000 0.000000 140.000000 160.000000 160.000000 1.897765
189.000000 40.000000 80.000000 137.142857 137.142857 0.011340
190.000000 23.333333 46.666667 160.000000 160.000000 1.306372
191.000000 20.000000 40.000000 137.142857 137.142857 1.964805
193.000000 28.000000 252.000000 192.000000 192.000000 1.344517
193.000000 28.000000 28.000000 192.000000 192.000000 0.589383
194.000000 119.000000 49.000000 48.000000 48.000000 0.306450
194.000000 0.000000 112.000000 192.000000 192.000000 0.029699
196.000000 52.500000 122.500000 120.000000 120.000000 1.042481
197.000000 14.000000 98.000000 96.000000 96.000000 0.379098
197.000000 229.600000 291.200000 38.400000 38.400000 0.236895
198.000000 28.000000 168.000000 192.000000 192.000000 1.150835
199.000000 17.500000 122.500000 120.000000 120.000000 1.101474
200.000000 20.000000 20.000000 137.142857 137.142857 0.483102
201.000000 17.500000 70.000000 120.000000 120.000000 0.097809
202.000000 186.666667 93.333333 160.000000 160.000000 0.774189
203.000000 28.000000 112.000000 192.000000 192.000000 0.491802
205.000000 46.666667 140.000000 160.000000 160.000000 0.107869
206.000000 35.000000 70.000000 240.000000 240.000000 1.539384
207.000000 35.000000 210.000000 120.000000 120.000000 1.886272
207.000000 105.000000 52.500000 120.000000 120.000000 0.033995
208.000000 186.666667 46.666667 160.000000 160.000000 0.558447
209.000000 0.000000 35.000000 240.000000 240.000000 2.516282
210.000000 0.000000 0.000000 320.000000 320.000000 2.231662
211.000000 80.000000 60.000000 137.142857 137.142857 1.818972
211.000000 40.000000 260.000000 137.142857 137.142857 1.536122
212.000000 20.000000 120.000000 137.142857 137.142857 0.970715
213.000000 20.000000 100.000000 137.142857 137.142857 1.773021
215.000000 0.000000 0.000000 320.000000 320.000000 0.930355
216.000000 80.000000 140.000000 137.142857 137.142857 0.151140
217.000000 28.000000 84.000000 192.000000 192.000000 2.177180
218.000000 56.000000 210.000000 96.000000 96.000000 1.629733
218.000000 40.000000 40.000000 137.142857 137.142857 1.238205
219.000000 17.500000 175.000000 120.000000 120.000000 1.015142
220.000000 46.666667 93.333333 160.000000 160.000000 2.140668
221.000000 56.000000 56.000000 192.000000 192.000000 1.643308
223.000000 28.000000 98.000000 96.000000 96.000000 1.217284
225.000000 0.000000 70.000000 240.000000 240.000000 1.106961
227.000000 70.000000 70.000000 240.000000 240.000000 1.054198
228.000000 60.000000 100.000000 137.142857 137.142857 1.167566
229.000000 70.000000 0.000000 240.000000 240.000000 1.643041
231.000000 20.000000 40.000000 137.142857 137.142857 1.384513
232.000000 28.000000 112.000000 192.000000 192.000000 0.928566
232.000000 280.000000 28.000000 96.000000 96.000000 0.202089
233.000000 35.000000 0.000000 240.000000 240.000000 1.436225
234.000000 56.000000 84.000000 192.000000 192.000000 1.130051
235.000000 0.000000 227.500000 120.000000 120.000000 0.238133
236.000000 35.000000 35.000000 240.000000 240.000000 2.086629
237.000000 17.500000 122.500000 120.000000 120.000000 1.299932
239.000000 70.000000 126.000000 96.000000 96.000000 2.018881
239.000000 0.000000 262.500000 120.000000 120.000000 1.783099
239.000000 84.000000 149.333333 64.000000 64.000000 0.027583
240.000000 0.000000 0.000000 240.000000 240.000000 0.574971
241.000000 210.000000 105.000000 120.000000 120.000000 0.482593
242.000000 0.000000 70.000000 160.000000 160.000000 1.391916
243.000000 17.500000 227.500000 120.000000 120.000000 2.671081
243.000000 28.000000 42.000000 96.000000 96.000000 0.827595
243.000000 46.666667 56.000000 64.000000 64.000000 0.056242
245.000000 0.000000 80.000000 137.142857 137.142857 0.664488
246.000000 23.333333 163.333333 160.000000 160.000000 1.998256
247.000000 0.000000 0.000000 192.000000 192.000000 1.335795
247.000000 100.000000 180.000000 137.142857 137.142857 0.320781
248.000000 28.000000 42.000000 96.000000 96.000000 0.708538
249.000000 52.500000 17.500000 120.000000 120.000000 1.445916
249.000000 0.000000 192.500000 120.000000 120.000000 0.736276
249.000000 80.000000 300.000000 137.142857 137.142857 0.720339
250.000000 35.000000 262.500000 120.000000 120.000000 1.464288
250.000000 0.000000 70.000000 120.000000 120.000000 0.976943
252.000000 182.000000 126.000000 96.000000 96.000000 1.552530
254.000000 70.000000 116.666667 160.000000 160.000000 2.124427
255.000000 17.500000 87.500000 120.000000 120.000000 1.130195
257.000000 46.666667 93.333333 160.000000 160.000000 2.199281
257.000000 63.000000 154.000000 48.000000 48.000000 0.207308
258.000000 0.000000 70.000000 96.000000 96.000000 1.969793
258.000000 14.000000 266.000000 96.000000 96.000000 1.052374
259.000000 0.000000 186.666667 160.000000 160.000000 1.186091
259.000000 184.800000 95.200000 38.400000 38.400000 0.013467
261.000000 20.000000 140.000000 137.142857 137.142857 2.027857
263.000000 46.666667 0.000000 320.000000 320.000000 1.515002
264.000000 70.000000 42.000000 96.000000 96.000000 2.137965
264.000000 0.000000 220.000000 137.142857 137.142857 1.720625
265.000000 84.000000 112.000000 96.000000 96.000000 1.204634
265.000000 112.000000 289.333333 64.000000 64.000000 0.847185
265.000000 98.000000 266.000000 96.000000 96.000000 0.072424
266.000000 28.000000 56.000000 192.000000 192.000000 1.138697
267.000000 70.000000 35.000000 240.000000 240.000000 1.111185
269.000000 0.000000 56.000000 192.000000 192.000000 0.930619
270.000000 0.000000 0.000000 240.000000 240.000000 1.233627
270.000000 56.000000 224.000000 192.000000 192.000000 0.097039
271.000000 46.666667 93.333333 160.000000 160.000000 2.324379
272.000000 23.333333 93.333333 160.000000 160.000000 1.185476
273.000000 0.000000 140.000000 192.000000 192.000000 0.596440
274.000000 70.000000 112.000000 96.000000 96.000000 1.283690
275.000000 196.000000 140.000000 38.400000 38.400000 1.935189
275.000000 0.000000 52.500000 120.000000 120.000000 1.536667
275.000000 17.500000 297.500000 120.000000 120.000000 1.366082
275.000000 168.000000 358.400000 38.400000 38.400000 1.198358
275.000000 190.400000 44.800000 38.400000 38.400000 0.362759
275.000000 122.500000 245.000000 120.000000 120.000000 0.220965
276.000000 0.000000 100.000000 137.142857 137.142857 2.851436
277.000000 56.000000 280.000000 96.000000 96.000000 2.671525
277.000000 14.000000 70.000000 96.000000 96.000000 1.396683
278.000000 35.000000 35.000000 240.000000 240.000000 0.477348
278.000000 0.000000 196.000000 96.000000 96.000000 0.232678
279.000000 154.000000 140.000000 96.000000 96.000000 0.893183
280.000000 20.000000 180.000000 137.142857 137.142857 1.527156
281.000000 0.000000 0.000000 240.000000 240.000000 0.998005
281.000000 28.000000 196.000000 192.000000 192.000000 0.254346
282.000000 0.000000 70.000000 160.000000 160.000000 0.821119
283.000000 28.000000 84.000000 192.000000 192.000000 1.263178
283.000000 369.600000 207.200000 38.400000 38.400000 0.124793
284.000000 70.000000 35.000000 240.000000 240.000000 0.916602
285.000000 0.000000 112.000000 192.000000 192.000000 2.219120
286.000000 80.000000 60.000000 137.142857 137.142857 1.395312
286.000000 0.000000 140.000000 240.000000 240.000000 0.756305
287.000000 23.333333 70.000000 160.000000 160.000000 0.753252
288.000000 0.000000 70.000000 96.000000 96.000000 0.408410
289.000000 70.000000 0.000000 120.000000 120.000000 1.758661
289.000000 52.500000 140.000000 120.000000 120.000000 1.125527
290.000000 0.000000 70.000000 240.000000 240.000000 0.167414
291.000000 14.000000 280.000000 96.000000 96.000000 1.626856
291.000000 0.000000 56.000000 96.000000 96.000000 1.470641
292.000000 17.500000 122.500000 120.000000 120.000000 1.340588
293.000000 0.000000 0.000000 320.000000 320.000000 0.507795
294.000000 0.000000 70.000000 240.000000 240.000000 0.935610
295.000000 224.000000 0.000000 192.000000 192.000000 2.294620
295.000000 0.000000 0.000000 192.000000 192.000000 1.509291
295.000000 23.333333 186.666667 160.000000 160.000000 1.417410
295.000000 256.666667 186.666667 160.000000 160.000000 0.865585
296.000000 40.000000 40.000000 137.142857 137.142857 1.361068
296.000000 0.000000 210.000000 96.000000 96.000000 0.984179
297.000000 17.500000 140.000000 120.000000 120.000000 2.083907
298.000000 0.000000 224.000000 192.000000 192.000000 0.607558
298.000000 84.000000 0.000000 192.000000 192.000000 0.552313
299.000000 28.000000 56.000000 192.000000 192.000000 1.559394
300.000000 35.000000 70.000000 240.000000 240.000000 1.241890
301.000000 46.666667 93.333333 320.000000 320.000000 1.186966
302.000000 196.000000 84.000000 192.000000 192.000000 0.606365
304.000000 23.333333 46.666667 160.000000 160.000000 0.848473
305.000000 17.500000 87.500000 120.000000 120.000000 2.353708
307.000000 23.333333 70.000000 160.000000 160.000000 0.974358
308.000000 28.000000 168.000000 96.000000 96.000000 1.672959
309.000000 105.000000 0.000000 240.000000 240.000000 0.571641
312.000000 14.000000 252.000000 96.000000 96.000000 0.959871
313.000000 23.333333 163.333333 160.000000 160.000000 1.790185
314.000000 20.000000 40.000000 137.142857 137.142857 0.417806
314.000000 42.000000 56.000000 96.000000 96.000000 0.167210
315.000000 0.000000 0.000000 320.000000 320.000000 1.953953
316.000000 28.000000 56.000000 192.000000 192.000000 1.629179
317.000000 28.000000 112.000000 96.000000 96.000000 1.925643
318.000000 122.500000 87.500000 120.000000 120.000000 0.556393
319.000000 20.000000 120.000000 137.142857 137.142857 2.146459
320.000000 35.000000 35.000000 240.000000 240.000000 1.631160
321.000000 23.333333 93.333333 160.000000 160.000000 1.147807
323.000000 35.000000 35.000000 240.000000 240.000000 1.203914
325.000000 52.500000 87.500000 120.000000 120.000000 1.659317
326.000000 70.000000 35.000000 240.000000 240.000000 1.331174
328.000000 70.000000 168.000000 96.000000 96.000000 1.795077
328.000000 14.000000 70.000000 96.000000 96.000000 1.566002
328.000000 28.000000 266.000000 96.000000 96.000000 1.191455
328.000000 84.000000 177.333333 64.000000 64.000000 0.225745
329.000000 17.500000 140.000000 120.000000 120.000000 2.824109
330.000000 20.000000 120.000000 137.142857 137.142857 1.972585
331.000000 56.000000 336.000000 96.000000 96.000000 2.193682
331.000000 0.000000 17.500000 120.000000 120.000000 1.934652
331.000000 20.000000 180.000000 137.142857 137.142857 1.449850
332.000000 35.000000 0.000000 240.000000 240.000000 0.453936
333.000000 140.000000 60.000000 137.142857 137.142857 2.459589
333.000000 168.000000 196.000000 96.000000 96.000000 0.187154
334.000000 35.000000 175.000000 120.000000 120.000000 1.455668
334.000000 105.000000 0.000000 120.000000 120.000000 0.660621
334.000000 84.000000 350.000000 96.000000 96.000000 0.409720
334.000000 201.600000 190.400000 38.400000 38.400000 0.210288
335.000000 116.666667 93.333333 160.000000 160.000000 1.775466
336.000000 70.000000 0.000000 240.000000 240.000000 0.391853
337.000000 35.000000 105.000000 120.000000 120.000000 1.197557
338.000000 28.000000 112.000000 192.000000 192.000000 2.115521
339.000000 46.666667 23.333333 160.000000 160.000000 1.048373
339.000000 80.000000 280.000000 137.142857 137.142857 1.038483
340.000000 70.000000 0.000000 240.000000 240.000000 0.066863
341.000000 14.000000 112.000000 96.000000 96.000000 1.598919
343.000000 70.000000 35.000000 240.000000 240.000000 0.447046
344.000000 20.000000 160.000000 137.142857 137.142857 0.993025
345.000000 224.000000 126.000000 96.000000 96.000000 1.588325
346.000000 46.666667 140.000000 160.000000 160.000000 0.980984
348.000000 116.666667 93.333333 160.000000 160.000000 0.592005
349.000000 35.000000 35.000000 240.000000 240.000000 0.189832
350.000000 0.000000 35.000000 240.000000 240.000000 1.880282
351.000000 14.000000 56.000000 96.000000 96.000000 2.208387
351.000000 17.500000 280.000000 120.000000 120.000000 1.181025
351.000000 35.000000 0.000000 48.000000 48.000000 0.508726
352.000000 28.000000 140.000000 96.000000 96.000000 0.794263
353.000000 80.000000 100.000000 137.142857 137.142857 0.757690
354.000000 46.666667 0.000000 320.000000 320.000000 1.395185
355.000000 35.000000 35.000000 240.000000 240.000000 1.212060
357.000000 93.333333 140.000000 160.000000 160.000000 2.266883
358.000000 0.000000 105.000000 240.000000 240.000000 1.639259
359.000000 105.000000 70.000000 240.000000 240.000000 1.651255
360.000000 46.666667 0.000000 320.000000 320.000000 1.522219
361.000000 0.000000 0.000000 240.000000 240.000000 1.448289
362.000000 0.000000 56.000000 192.000000 192.000000 1.547402
363.000000 28.000000 112.000000 192.000000 192.000000 2.325964
365.000000 20.000000 80.000000 137.142857 137.142857 0.589310
366.000000 0.000000 93.333333 160.000000 160.000000 1.107675
367.000000 35.000000 35.000000 240.000000 240.000000 1.968187
368.000000 120.000000 20.000000 137.142857 137.142857 1.673751
368.000000 0.000000 300.000000 137.142857 137.142857 1.183254
369.000000 46.666667 46.666667 320.000000 320.000000 1.799994
370.000000 35.000000 0.000000 240.000000 240.000000 1.269895
371.000000 40.000000 60.000000 137.142857 137.142857 1.286942
372.000000 56.000000 84.000000 192.000000 192.000000 1.099102
373.000000 56.000000 84.000000 192.000000 192.000000 1.458677
374.000000 0.000000 60.000000 137.142857 137.142857 0.167252
375.000000 0.000000 46.666667 160.000000 160.000000 1.758388
376.000000 60.000000 120.000000 137.142857 137.142857 1.586962
378.000000 0.000000 105.000000 240.000000 240.000000 1.346052
379.000000 0.000000 35.000000 240.000000 240.000000 1.263815
380.000000 93.333333 0.000000 320.000000 320.000000 0.275386
382.000000 56.000000 140.000000 192.000000 192.000000 2.430759
383.000000 23.333333 70.000000 160.000000 160.000000 1.268982
384.000000 35.000000 70.000000 240.000000 240.000000 1.257123
385.000000 0.000000 0.000000 320.000000 320.000000 0.791991
387.000000 28.000000 84.000000 192.000000 192.000000 1.116836
388.000000 17.500000 87.500000 120.000000 120.000000 2.188344
388.000000 14.000000 322.000000 96.000000 96.000000 1.475455
388.000000 214.666667 37.333333 64.000000 64.000000 0.016458
389.000000 238.000000 112.000000 96.000000 96.000000 0.816538
389.000000 100.000000 100.000000 137.142857 137.142857 0.769644
389.000000 20.000000 0.000000 137.142857 137.142857 0.546018
389.000000 168.000000 140.000000 192.000000 192.000000 0.187975
390.000000 56.000000 28.000000 192.000000 192.000000 1.074080
391.000000 17.500000 70.000000 120.000000 120.000000 1.331143
391.000000 42.000000 210.000000 96.000000 96.000000 0.656867
392.000000 17.500000 87.500000 120.000000 120.000000 0.991362
393.000000 20.000000 100.000000 137.142857 137.142857 1.425420
394.000000 0.000000 56.000000 192.000000 192.000000 1.098769
395.000000 20.000000 120.000000 137.142857 137.142857 1.029203
396.000000 17.500000 122.500000 120.000000 120.000000 0.391678
397.000000 56.000000 196.000000 96.000000 96.000000 0.918343
398.000000 23.333333 70.000000 160.000000 160.000000 0.340612
399.000000 0.000000 56.000000 192.000000 192.000000 1.344323
400.000000 17.500000 157.500000 120.000000 120.000000 2.710247
400.000000 84.000000 336.000000 96.000000 96.000000 1.370551
400.000000 112.000000 354.666667 64.000000 64.000000 1.029201
401.000000 105.000000 87.500000 120.000000 120.000000 0.804963
403.000000 84.000000 28.000000 192.000000 192.000000 2.742391
404.000000 140.000000 168.000000 96.000000 96.000000 0.005255
407.000000 35.000000 192.500000 120.000000 120.000000 2.118409
408.000000 70.000000 35.000000 240.000000 240.000000 1.534339
409.000000 70.000000 0.000000 240.000000 240.000000 1.516370
410.000000 56.000000 196.000000 192.000000 192.000000 2.130355
410.000000 0.000000 28.000000 192.000000 192.000000 1.012825
412.000000 0.000000 35.000000 120.000000 120.000000 1.716057
412.000000 28.000000 154.000000 96.000000 96.000000 1.067141
415.000000 28.000000 56.000000 192.000000 192.000000 0.664296
416.000000 100.000000 140.000000 137.142857 137.142857 1.592753
416.000000 154.000000 336.000000 48.000000 48.000000 0.000478
417.000000 17.500000 70.000000 120.000000 120.000000 1.374221
417.000000 28.000000 308.000000 96.000000 96.000000 1.133854
417.000000 84.000000 177.333333 64.000000 64.000000 0.659177
418.000000 0.000000 70.000000 160.000000 160.000000 0.474737
419.000000 17.500000 52.500000 120.000000 120.000000 1.717109
419.000000 17.500000 245.000000 120.000000 120.000000 1.611358
420.000000 180.000000 80.000000 137.142857 137.142857 1.302417
421.000000 70.000000 175.000000 240.000000 240.000000 1.830254
422.000000 0.000000 0.000000 192.000000 192.000000 1.918360
422.000000 224.000000 0.000000 192.000000 192.000000 0.552102
422.000000 233.333333 186.666667 160.000000 160.000000 0.425864
423.000000 70.000000 93.333333 160.000000 160.000000 0.233117
424.000000 0.000000 180.000000 137.142857 137.142857 2.332623
424.000000 168.000000 74.666667 64.000000 64.000000 0.410891
425.000000 140.000000 28.000000 192.000000 192.000000 0.085103
427.000000 35.000000 70.000000 120.000000 120.000000 1.799969
428.000000 14.000000 98.000000 96.000000 96.000000 1.134429
429.000000 0.000000 280.000000 120.000000 120.000000 1.017369
431.000000 23.333333 163.333333 160.000000 160.000000 0.852926
434.000000 56.000000 56.000000 192.000000 192.000000 0.786804
435.000000 42.000000 70.000000 96.000000 96.000000 0.567487
435.000000 0.000000 245.000000 120.000000 120.000000 0.130937
436.000000 70.000000 0.000000 240.000000 240.000000 1.081701
437.000000 23.333333 23.333333 160.000000 160.000000 1.883579
437.000000 20.000000 180.000000 137.142857 137.142857 0.845355
438.000000 20.000000 160.000000 137.142857 137.142857 1.627095
439.000000 17.500000 105.000000 120.000000 120.000000 2.474284
440.000000 20.000000 240.000000 137.142857 137.142857 1.546005
440.000000 46.666667 46.666667 160.000000 160.000000 1.228801
441.000000 17.500000 157.500000 120.000000 120.000000 2.841271
441.000000 35.000000 17.500000 120.000000 120.000000 2.579744
441.000000 40.000000 300.000000 137.142857 137.142857 0.544963
442.000000 35.000000 35.000000 240.000000 240.000000 2.184135
443.000000 23.333333 116.666667 160.000000 160.000000 2.052549
444.000000 46.666667 93.333333 160.000000 160.000000 1.908351
446.000000 17.500000 87.500000 120.000000 120.000000 1.011290
446.000000 0.000000 196.000000 48.000000 48.000000 0.067858
447.000000 35.000000 35.000000 240.000000 240.000000 1.311501
448.000000 14.000000 182.000000 96.000000 96.000000 1.608206
448.000000 35.000000 70.000000 120.000000 120.000000 1.578763
448.000000 364.000000 179.200000 38.400000 38.400000 0.115096
449.000000 56.000000 70.000000 96.000000 96.000000 1.125832
450.000000 23.333333 163.333333 160.000000 160.000000 0.272149
453.000000 0.000000 87.500000 120.000000 120.000000 2.090529
454.000000 105.000000 35.000000 240.000000 240.000000 0.057041
455.000000 0.000000 35.000000 240.000000 240.000000 1.449310
457.000000 0.000000 93.333333 160.000000 160.000000 0.920625
458.000000 52.500000 227.500000 120.000000 120.000000 0.704513
460.000000 70.000000 140.000000 120.000000 120.000000 1.925395
461.000000 0.000000 35.000000 240.000000 240.000000 1.885303
462.000000 105.000000 105.000000 240.000000 240.000000 1.858604
464.000000 52.500000 70.000000 120.000000 120.000000 0.493487
465.000000 35.000000 70.000000 240.000000 240.000000 1.731438
466.000000 0.000000 93.333333 320.000000 320.000000 1.609361
467.000000 238.000000 154.000000 96.000000 96.000000 0.883273
467.000000 44.800000 84.000000 38.400000 38.400000 0.743968
467.000000 252.000000 168.000000 64.000000 64.000000 0.056748
469.000000 17.500000 105.000000 120.000000 120.000000 1.292862
470.000000 84.000000 140.000000 96.000000 96.000000 0.632658
471.000000 0.000000 100.000000 137.142857 137.142857 1.658606
472.000000 0.000000 60.000000 137.142857 137.142857 0.910074
473.000000 0.000000 116.666667 160.000000 160.000000 1.708524
474.000000 46.666667 116.666667 160.000000 160.000000 2.606171
475.000000 46.666667 163.333333 160.000000 160.000000 1.675476
476.000000 84.000000 252.000000 96.000000 96.000000 0.968523
478.000000 28.000000 252.000000 96.000000 96.000000 0.976633
478.000000 17.500000 52.500000 120.000000 120.000000 0.690143
480.000000 98.000000 196.000000 96.000000 96.000000 1.782869
480.000000 20.000000 20.000000 137.142857 137.142857 1.258409
480.000000 98.000000 294.000000 96.000000 96.000000 1.086361
481.000000 0.000000 112.000000 192.000000 192.000000 1.085200
482.000000 23.333333 70.000000 160.000000 160.000000 1.731718
482.000000 168.000000 56.000000 64.000000 64.000000 0.175470
484.000000 35.000000 35.000000 240.000000 240.000000 1.392797
487.000000 256.666667 140.000000 160.000000 160.000000 0.909611
488.000000 0.000000 0.000000 240.000000 240.000000 0.772541
490.000000 140.000000 200.000000 137.142857 137.142857 1.214113
491.000000 154.000000 98.000000 96.000000 96.000000 2.575608
492.000000 70.000000 84.000000 96.000000 96.000000 0.963631
493.000000 46.666667 70.000000 160.000000 160.000000 1.310507
495.000000 35.000000 35.000000 240.000000 240.000000 1.472680
497.000000 0.000000 56.000000 192.000000 192.000000 1.432907
498.000000 0.000000 140.000000 160.000000 160.000000 1.676871
499.000000 46.666667 46.666667 160.000000 160.000000 1.571011
500.000000 98.000000 98.000000 96.000000 96.000000 2.273030
